218,367 235,360 229,370 218,385 213,265 210,255 207,247 204,240 201,239 198,239 196,241 193,241 192,244 189,246 187,249 186,252 189,249 188,249 197,247 203,244 214,233 226,221 239,208 254,194 267,180 284,164 300,150 317,136 332,123 343,111 352,102 362,94 370,90 375,89 379,90 382,97 383,107 384,121 384,138 385,159 387,182 384,207 383,236 386,262 394,289 402,305 394,319 398,333 399,327 403,324 401,314 401,312 399,317 399,325 392,319 400,338 398,333 397,336 
393,331 392,332 391,334 
389,335 389,340 386,340 
386,343 384,343 384,345 
382,343 382,342 382,340 
383,338 381,333 379,328 
375,318 368,304 351,288 
338,265 323,254 310,215 293,191 297,172 304,161 302,144 307,125 320,112 335,105 354,101 371,101 393,104 414,110 432,117 448,128 456,141 459,155 454,171 441,188 425,207 406,223 382,240 360,250 334,262 314,275 297,281 284,287 276,293 275,294 274,301 280,308 292,312 307,313 330,313 352,312 375,312 399,310 420,308 439,306 440,308 453,304 469,301 482,296 485,293 480,289 478,286 470,290 470,294 459,302 456,304 452,310 447,308 438,309 
431,306 425,308 423,310 
423,311 424,311 423,315 
422,316 422,318 421,317 
422,316 421,317 419,316 
416,314 415,309 411,305 
404,294 393,283 380,268 
367,254 365,253 344,228 327,198 318,176 312,159 307,143 320,124 334,114 351,109 370,107 393,109 394,109 416,114 437,120 454,131 464,143 465,156 447,181 426,197 403,208 379,218 379,221 370,220 370,218 379,215 394,205 414,199 437,196 461,193 502,196 520,205 532,215 533,217 540,229 540,243 537,260 530,276 523,289 510,300 491,311 464,320 439,324 384,324 390,322 363,317 351,315 346,315 344,328 356,333 363,329 370,332 378,325 382,318 391,309 
390,309 391,306 394,304 
393,301 393,304 392,304 
392,306 389,308 388,310 
386,312 385,312 383,313 
383,311 378,306 375,298 
368,282 360,263 351,238 348,228 341,202 366,223 326,168 322,132 330,148 316,129 313,115 313,119 311,131 311,145 314,168 355,286 312,236 303,263 309,280 314,300 320,312 333,316 353,317 367,311 388,297 407,286 420,291 417,245 420,210 420,199 415,187 411,175 407,167 402,162 399,159 399,160 399,163 401,171 404,182 407,197 411,218 412,243 417,276 422,320 
425,387 443,415 426,412 417,411 414,400 413,397 410,371 410,376 410,369 409,370 410,369 
409,367 408,365 408,364 
406,364 406,363 406,361 
406,358 404,352 401,341 
397,326 392,310 386,293 
379,266 370,245 359,197 349,176 345,129 341,115 335,104 330,94 326,86 320,77 314,72 307,71 301,72 297,77 293,85 287,97 282,109 277,123 273,140 269,159 268,177 269,198 269,221 270,238 273,249 277,261 285,272 301,278 316,281 330,274 343,268 358,253 368,245 377,228 384,212 386,197 388,179 387,164 387,150 386,137 384,127 383,121 380,119 381,118 382,121 383,126 384,134 385,146 388,160 389,176 385,195 386,213 387,233 388,254 387,275 388,290 387,305 382,322 384,334 386,334 386,348 386,350 384,352 381,354 379,361 371,356 380,371 383,372 383,367 
380,361 383,360 383,354 
371,335 379,340 377,341 
375,341 375,341 377,341 
382,340 381,336 385,331 
385,333 381,321 382,301 384,266 382,243 384,223 387,204 391,190 394,176 396,167 398,157 396,157 399,149 400,142 399,138 385,129 376,129 365,128 356,128 344,128 332,132 324,135 323,137 316,143 313,150 311,161 310,172 307,197 309,211 309,220 309,226 309,226 314,220 316,222 321,214 332,204 345,194 359,191 370,190 382,191 412,198 423,210 436,221 446,231 450,233 457,246 462,259 459,273 450,287 442,297 424,308 384,319 368,322 343,324 346,322 325,317 313,307 303,304 295,299 295,288 291,283 291,292 300,298 317,318 317,320 
318,323 316,321 322,324 
326,326 329,324 331,323 
333,324 336,321 340,320 
341,320 344,319 346,317 
349,319 353,316 360,316 
369,313 378,305 390,299 402,293 411,279 420,268 427,250 430,231 436,211 437,179 434,158 429,141 418,121 407,105 391,92 375,87 362,86 345,86 330,91 315,99 302,110 291,122 285,135 276,152 269,170 265,190 262,213 263,234 269,253 279,266 288,283 296,302 307,312 322,317 338,319 354,317 367,310 381,294 391,282 398,270 399,257 401,241 397,227 385,216 372,207 356,200 340,196 323,195 310,201 300,209 290,217 280,234 278,247 282,276 299,300 307,305 314,315 322,319 
328,322 333,322 337,321 
337,318 339,318 340,318 
343,318 340,316 341,317 
341,318 341,318 341,320 
337,316 336,313 338,310 
333,298 333,285 327,270 
325,254 322,234 303,208 294,182 284,164 277,152 269,140 268,136 272,132 278,129 287,125 298,122 310,121 327,121 345,120 365,119 386,119 406,119 425,119 443,119 457,118 465,119 470,121 469,123 465,129 459,138 454,149 447,166 438,183 431,200 422,224 416,245 411,268 408,290 402,308 400,321 399,334 397,341 395,342 396,341 395,334 394,331 396,331 398,329 396,324 399,313 403,318 402,313 
400,311 397,307 396,308 
394,307 392,310 391,313 
390,315 388,316 387,319 
386,319 386,320 384,318 
383,316 377,312 376,313 
356,298 334,282 319,267 301,244 294,234 275,199 293,197 296,186 272,134 285,124 284,121 299,110 347,99 373,99 396,105 417,113 434,127 440,144 430,165 414,186 390,212 390,214 423,228 334,267 314,294 305,314 308,327 315,334 327,344 346,346 363,352 367,353 384,352 403,346 424,364 447,319 456,311 457,298 457,285 451,274 438,265 419,255 422,255 399,249 381,245 368,242 355,238 340,231 336,229 334,237 338,254 346,267 344,281 343,281 354,292 
358,295 361,296 359,295 
360,295 359,293 360,295 
358,292 357,291 355,289 
352,289 353,287 352,286 
349,283 350,283 341,275 
329,262 301,235 284,222 252,182 253,182 286,219 244,142 247,128 255,114 265,100 280,87 295,75 315,68 355,60 371,63 372,64 384,68 395,78 400,90 399,105 391,121 374,142 359,161 347,175 328,192 295,230 289,239 276,255 275,269 278,282 284,291 293,305 306,316 324,325 341,333 361,340 379,340 398,330 408,315 414,301 419,288 418,274 411,263 399,251 376,238 368,228 351,217 338,211 327,200 313,195 301,186 293,185 285,179 276,171 273,168 271,162 265,159 267,156 271,156 275,158 283,161 292,173 344,189 359,221 
330,236 338,243 371,248 
373,246 316,217 331,230 
328,221 332,227 329,221 
326,219 332,225 331,224 
341,233 352,228 364,208 
363,211 365,195 378,161 377,134 373,116 359,98 345,88 328,84 310,86 292,93 305,155 261,113 253,127 247,146 242,162 242,177 253,189 267,202 280,212 301,214 322,207 339,195 357,182 367,170 375,155 381,145 383,134 380,124 373,118 366,115 362,115 358,118 356,125 357,135 359,147 362,160 363,177 364,199 366,220 368,243 369,265 368,287 362,302 354,313 340,321 325,327 307,327 291,326 279,325 284,324 293,322 294,332 313,298 315,321 316,318 
318,315 323,313 328,311 
327,309 330,308 333,307 
334,309 337,311 336,314 
337,318 335,317 331,320 
326,321 322,317 305,315 298,302 294,288 260,329 233,340 217,337 204,339 192,344 188,344 190,339 193,330 204,313 222,301 224,276 236,253 277,238 277,196 292,170 305,157 320,142 323,142 339,117 345,111 350,104 352,103 354,103 355,106 357,110 357,118 357,130 358,143 360,144 359,160 363,192 366,214 372,237 375,258 378,280 380,298 379,312 378,321 380,326 380,326 382,326 384,329 390,337 403,345 
407,342 405,337 404,331 
403,326 402,323 400,322 
399,322 399,320 400,322 
400,321 398,321 397,318 
397,315 391,307 388,295 
381,280 370,265 367,267 
359,251 347,237 330,223 321,211 301,173 294,158 292,145 296,124 303,112 314,104 313,103 327,98 343,95 359,95 376,98 390,103 416,122 424,137 423,157 416,180 409,201 409,205 396,227 381,249 365,266 347,284 326,300 311,312 289,317 283,311 282,313 282,312 284,309 288,306 298,303 309,303 322,306 338,303 354,305 368,310 396,312 413,313 412,318 421,315 433,310 443,304 447,297 451,290 449,285 444,279 437,272 436,273 432,273 428,279 429,290 424,293 
419,295 417,297 415,297 
412,299 410,299 411,302 
411,306 412,307 411,308 
411,308 410,308 408,307 
407,307 404,304 399,300 
392,296 380,289 366,277 356,273 
345,268 335,260 322,248 311,236 300,221 302,207 301,184 298,170 301,150 304,142 309,137 319,133 332,129 344,128 358,129 369,134 379,142 385,152 389,164 385,179 378,191 373,204 363,217 353,228 342,237 337,241 335,243 341,239 350,233 364,224 378,216 391,213 407,209 420,213 434,215 445,221 456,228 466,237 474,248 471,263 465,278 460,291 448,306 439,315 414,323 396,327 377,329 354,329 336,322 330,319 328,321 331,321 329,323 336,322 
340,321 343,315 348,315 
349,312 351,311 352,312 
353,314 351,314 350,313 
349,314 346,309 